143,6
143,4
143,1
143,12
143,3
140,7
137,1
137,3
136,2
136,5
136,4
132,1
132,3
140,6
140,4
140,1
140,11
140,3
136,1
136,3
14,4
411,16
411,15
408,2
0,490
411,6
411,5
419,4
419,1
419,3
411,1
411,18
411,3
408,5
408,4
409,1
409,3
14,8
0,273
0,270
408,1
408,3
14,7
163,3
163,1
162,5
162,4
162,3
162,2
162,1
134,0
133,4
133,3
133,1
40,4
40,3
40,1
39,4
39,3
39,1
38,5
38,1
20,3
20,2
20,1
19,3
19,2
19,1
18,3
18,1
14,5
14,1
12,3
12,2
12,1
11,3
14,3
13,1
11,2
11,1
10,3
10,2
10,1
9,3
9,2
9,1
8,3
8,2
8,1
3,3
3,2
13,3
3,1
0,499
0,497
0,496
0,408
2,2
2,1
0,322
2,3
0,243
0,0
420,34
420,33
420,32
420,31
420,30
